1.671739220619201660e-01
1.251167953014373779e-01
9.134931117296218872e-02
8.283003419637680054e-02
8.754309266805648804e-02
1.418104022741317749e-01
1.784045398235321045e-01
1.220402270555496216e-01
1.076894775032997131e-01
1.394640952348709106e-01
9.092917293310165405e-02
1.208882555365562439e-01
8.215113729238510132e-02
1.210392564535140991e-01
6.505681574344635010e-02
7.784652709960937500e-02
9.077861160039901733e-02
9.864482283592224121e-02
8.985134959220886230e-02
7.598491758108139038e-02
8.775756508111953735e-02
9.554491937160491943e-02
1.268174201250076294e-01
1.347734928131103516e-01
1.096242442727088928e-01
1.322405934333801270e-01
1.293756663799285889e-01
8.088798075914382935e-02
1.107415929436683655e-01
7.553385198116302490e-02
1.286491155624389648e-01
1.006143689155578613e-01
