1.016836091876029968e-01
6.113912165164947510e-02
9.208568185567855835e-02
9.267126023769378662e-02
9.527942538261413574e-02
8.306664228439331055e-02
1.150430515408515930e-01
9.474319219589233398e-02
6.748148798942565918e-02
7.703562080860137939e-02
1.182571575045585632e-01
8.189805597066879272e-02
7.138885557651519775e-02
1.161577850580215454e-01
8.600000292062759399e-02
8.273927122354507446e-02
9.039595723152160645e-02
7.403842359781265259e-02
7.153292000293731689e-02
8.832464367151260376e-02
8.507028967142105103e-02
9.466724097728729248e-02
8.969494700431823730e-02
8.928236365318298340e-02
1.072959601879119873e-01
7.183953374624252319e-02
8.013391494750976562e-02
6.494899094104766846e-02
8.407885581254959106e-02
7.916609942913055420e-02
6.560476869344711304e-02
9.419065713882446289e-02
7.564354687929153442e-02
7.830580323934555054e-02
9.277421236038208008e-02
8.258990943431854248e-02
1.136743426322937012e-01
8.387391269207000732e-02
8.039678633213043213e-02
1.069236621260643005e-01
7.292181253433227539e-02
8.597140014171600342e-02
8.239305019378662109e-02
9.453023225069046021e-02
8.223293721675872803e-02
1.015377491712570190e-01
8.530290424823760986e-02
7.182925194501876831e-02
8.689830452203750610e-02
7.861102372407913208e-02
8.840216696262359619e-02
9.395468980073928833e-02
1.301029771566390991e-01
7.752091437578201294e-02
7.879395782947540283e-02
6.881277263164520264e-02
1.058150008320808411e-01
7.946317642927169800e-02
7.317552715539932251e-02
8.055761456489562988e-02
9.021095186471939087e-02
7.585774362087249756e-02
9.219944477081298828e-02
1.146371960639953613e-01
