9.814809262752532959e-02
9.758855402469635010e-02
9.575062990188598633e-02
9.054650366306304932e-02
9.622466564178466797e-02
9.877403080463409424e-02
9.083808958530426025e-02
1.037359386682510376e-01
1.031017154455184937e-01
9.547050297260284424e-02
9.481459110975265503e-02
9.510549902915954590e-02
9.427763521671295166e-02
1.075232848525047302e-01
1.001438647508621216e-01
9.094610065221786499e-02
9.480746835470199585e-02
9.037393331527709961e-02
9.456258267164230347e-02
9.785596281290054321e-02
9.569399803876876831e-02
9.608045965433120728e-02
1.016692593693733215e-01
9.045603126287460327e-02
1.026112735271453857e-01
9.630937129259109497e-02
8.658425509929656982e-02
9.640135616064071655e-02
9.995990246534347534e-02
9.079427272081375122e-02
9.627109766006469727e-02
9.987311810255050659e-02
9.314303100109100342e-02
9.511508792638778687e-02
9.067201614379882812e-02
9.410940855741500854e-02
1.074243262410163879e-01
9.021833539009094238e-02
9.742157161235809326e-02
9.934011101722717285e-02
1.007781624794006348e-01
9.560775011777877808e-02
8.825128525495529175e-02
1.002756804227828979e-01
9.449599683284759521e-02
9.873129427433013916e-02
9.922433644533157349e-02
1.035985872149467468e-01
9.616140276193618774e-02
9.235043823719024658e-02
9.166388958692550659e-02
9.683690965175628662e-02
1.028625965118408203e-01
9.239102154970169067e-02
9.403502196073532104e-02
1.045091599225997925e-01
9.106153249740600586e-02
9.162744879722595215e-02
9.785243123769760132e-02
9.628558158874511719e-02
9.561689943075180054e-02
9.950712323188781738e-02
1.017556190490722656e-01
9.803876280784606934e-02
9.094163030385971069e-02
9.324198961257934570e-02
9.426927566528320312e-02
1.046713292598724365e-01
1.054020747542381287e-01
9.837225824594497681e-02
9.675479680299758911e-02
9.399896115064620972e-02
9.161273390054702759e-02
9.887856990098953247e-02
9.294226020574569702e-02
9.262928366661071777e-02
1.071621179580688477e-01
9.432370960712432861e-02
9.023141860961914062e-02
9.822338074445724487e-02
1.026691347360610962e-01
9.051500260829925537e-02
9.278837591409683228e-02
9.474819898605346680e-02
9.575698524713516235e-02
1.024759113788604736e-01
1.028674840927124023e-01
1.010036841034889221e-01
9.806204587221145630e-02
9.770879149436950684e-02
1.024535521864891052e-01
1.026332825422286987e-01
9.765385836362838745e-02
9.828419983386993408e-02
9.299764037132263184e-02
9.164337813854217529e-02
1.026042178273200989e-01
9.167093783617019653e-02
9.293616563081741333e-02
9.665526449680328369e-02
9.879132360219955444e-02
9.453552216291427612e-02
9.718930721282958984e-02
9.611313790082931519e-02
1.048925369977951050e-01
1.079650670289993286e-01
9.992148727178573608e-02
9.875822812318801880e-02
8.841417729854583740e-02
9.497239440679550171e-02
1.064298748970031738e-01
9.421973675489425659e-02
9.780706465244293213e-02
9.915051609277725220e-02
9.215411543846130371e-02
9.309141337871551514e-02
9.504099935293197632e-02
9.810500591993331909e-02
9.248559921979904175e-02
8.973595499992370605e-02
9.863464534282684326e-02
1.057784333825111389e-01
9.205337613821029663e-02
1.038048118352890015e-01
1.009552776813507080e-01
9.128337353467941284e-02
9.416908770799636841e-02
9.541320800781250000e-02
8.998846262693405151e-02
9.009493142366409302e-02
9.329172223806381226e-02
9.498272091150283813e-02
9.645120054483413696e-02
9.190432727336883545e-02
8.797319233417510986e-02
1.005185842514038086e-01
9.323685616254806519e-02
9.949367493391036987e-02
9.097208827733993530e-02
9.290932118892669678e-02
9.883064776659011841e-02
9.569788724184036255e-02
9.538187086582183838e-02
8.960902690887451172e-02
1.000756546854972839e-01
1.012342125177383423e-01
9.354918450117111206e-02
9.402348101139068604e-02
9.411326050758361816e-02
9.967023134231567383e-02
9.519607573747634888e-02
1.006993427872657776e-01
9.320104122161865234e-02
9.253367781639099121e-02
9.607528150081634521e-02
9.649185836315155029e-02
9.736301004886627197e-02
9.391118586063385010e-02
9.624838083982467651e-02
9.231998026371002197e-02
9.938046336174011230e-02
9.531544893980026245e-02
9.534000605344772339e-02
9.639630466699600220e-02
9.682923555374145508e-02
9.442257136106491089e-02
9.353343397378921509e-02
9.932867437601089478e-02
8.727111667394638062e-02
9.217184782028198242e-02
9.315249323844909668e-02
9.203510731458663940e-02
9.535617381334304810e-02
1.002198457717895508e-01
1.061465814709663391e-01
9.758047014474868774e-02
1.050846949219703674e-01
9.958098828792572021e-02
9.555456787347793579e-02
9.336268156766891479e-02
1.020306125283241272e-01
9.307550638914108276e-02
9.929090738296508789e-02
9.009525179862976074e-02
9.701299667358398438e-02
1.021400466561317444e-01
1.026869788765907288e-01
9.509192407131195068e-02
9.379220753908157349e-02
9.391905367374420166e-02
9.938455373048782349e-02
9.795084595680236816e-02
1.029090583324432373e-01
9.634619951248168945e-02
9.145733714103698730e-02
9.467179328203201294e-02
1.027594730257987976e-01
8.784596621990203857e-02
9.619495272636413574e-02
1.032110378146171570e-01
8.904891461133956909e-02
9.672747552394866943e-02
9.439385682344436646e-02
9.001149982213973999e-02
9.523344039916992188e-02
1.010861545801162720e-01
9.257094562053680420e-02
9.488151967525482178e-02
9.405937045812606812e-02
9.591799229383468628e-02
9.526399523019790649e-02
9.865446388721466064e-02
9.820854663848876953e-02
1.085649058222770691e-01
9.852523356676101685e-02
9.227247536182403564e-02
9.507611393928527832e-02
9.993876516819000244e-02
9.645465761423110962e-02
9.075772017240524292e-02
9.992568939924240112e-02
9.421867132186889648e-02
9.215102344751358032e-02
9.464057534933090210e-02
9.878581762313842773e-02
9.167070686817169189e-02
9.701312333345413208e-02
9.012849628925323486e-02
9.834486246109008789e-02
9.985551238059997559e-02
1.007417663931846619e-01
9.841474890708923340e-02
9.505922347307205200e-02
1.016313061118125916e-01
1.025699600577354431e-01
1.037605255842208862e-01
9.287299215793609619e-02
9.770838171243667603e-02
1.024199798703193665e-01
9.112507104873657227e-02
1.002587452530860901e-01
9.729406237602233887e-02
9.159985184669494629e-02
9.804137051105499268e-02
9.453711658716201782e-02
9.803706407546997070e-02
9.683123975992202759e-02
9.121240675449371338e-02
9.640964865684509277e-02
9.381631761789321899e-02
9.547127783298492432e-02
9.583114087581634521e-02
9.455834329128265381e-02
9.543674439191818237e-02
9.038349986076354980e-02
9.363576024770736694e-02
9.920184314250946045e-02
9.609446674585342407e-02
1.015979871153831482e-01
9.199482202529907227e-02
9.571647644042968750e-02
1.005377098917961121e-01
9.433869272470474243e-02
9.862197935581207275e-02
9.587074071168899536e-02
9.182635694742202759e-02
9.129413962364196777e-02
9.786274284124374390e-02
9.153927862644195557e-02
9.971358627080917358e-02
9.414468705654144287e-02
9.891922026872634888e-02
9.864317625761032104e-02
9.605441987514495850e-02
9.787765890359878540e-02
9.409426897764205933e-02
1.020212173461914062e-01
9.490440040826797485e-02
9.878257662057876587e-02
1.002648919820785522e-01
9.364313632249832153e-02
8.993563055992126465e-02
9.594557434320449829e-02
9.560447186231613159e-02
9.208574891090393066e-02
9.511165320873260498e-02
9.507010132074356079e-02
1.002833396196365356e-01
9.647246450185775757e-02
9.151583164930343628e-02
9.213656187057495117e-02
9.534016996622085571e-02
8.871497958898544312e-02
9.148512780666351318e-02
9.842906892299652100e-02
1.030698493123054504e-01
9.907136857509613037e-02
9.120097756385803223e-02
8.944884687662124634e-02
1.011169329285621643e-01
1.005703955888748169e-01
9.204112738370895386e-02
9.481002390384674072e-02
9.875252842903137207e-02
9.206674247980117798e-02
9.471263736486434937e-02
9.309060871601104736e-02
9.846601635217666626e-02
8.917590975761413574e-02
9.703597426414489746e-02
9.748616814613342285e-02
9.286504983901977539e-02
9.922023117542266846e-02
9.450704604387283325e-02
9.349274635314941406e-02
9.459657222032546997e-02
8.865826576948165894e-02
9.616959840059280396e-02
9.596517682075500488e-02
9.821564704179763794e-02
9.571278840303421021e-02
9.530565887689590454e-02
9.280255436897277832e-02
9.685233235359191895e-02
9.619009494781494141e-02
9.765329211950302124e-02
9.361696243286132812e-02
8.970844745635986328e-02
1.006177887320518494e-01
9.793824702501296997e-02
8.873093128204345703e-02
9.380413591861724854e-02
9.687584638595581055e-02
1.012904867529869080e-01
9.099079668521881104e-02
9.591940790414810181e-02
9.707334637641906738e-02
9.779499471187591553e-02
9.753332287073135376e-02
8.928294479846954346e-02
9.050209075212478638e-02
9.399896860122680664e-02
9.959342330694198608e-02
9.754478186368942261e-02
1.009096726775169373e-01
9.583607316017150879e-02
9.523347020149230957e-02
1.087900474667549133e-01
9.452316910028457642e-02
1.010366603732109070e-01
9.438957273960113525e-02
9.259688854217529297e-02
9.350810945034027100e-02
9.515980631113052368e-02
9.725157916545867920e-02
9.396149218082427979e-02
9.452600032091140747e-02
9.699864685535430908e-02
9.229306876659393311e-02
9.007029980421066284e-02
1.038638204336166382e-01
1.001224666833877563e-01
8.924233913421630859e-02
8.933223783969879150e-02
1.012491732835769653e-01
9.544512629508972168e-02
9.021274000406265259e-02
9.075404703617095947e-02
9.249440580606460571e-02
9.890016913414001465e-02
9.500815719366073608e-02
9.561818838119506836e-02
1.007185727357864380e-01
9.699296206235885620e-02
9.389603883028030396e-02
9.420476108789443970e-02
9.740902483463287354e-02
9.513573348522186279e-02
9.210118651390075684e-02
1.039168983697891235e-01
9.456857293844223022e-02
9.637524187564849854e-02
9.630224108695983887e-02
9.566509723663330078e-02
8.706079423427581787e-02
9.107496589422225952e-02
1.073636114597320557e-01
9.208977967500686646e-02
1.031520962715148926e-01
9.290177375078201294e-02
1.018301621079444885e-01
1.017553135752677917e-01
9.608508646488189697e-02
9.030207991600036621e-02
9.673368930816650391e-02
1.063120886683464050e-01
9.083335101604461670e-02
1.012307778000831604e-01
1.020500957965850830e-01
9.727665036916732788e-02
9.752944111824035645e-02
9.814274311065673828e-02
9.415847063064575195e-02
1.013068854808807373e-01
8.924520015716552734e-02
9.848191589117050171e-02
9.641915559768676758e-02
9.043513983488082886e-02
9.886675328016281128e-02
9.441439062356948853e-02
1.000167801976203918e-01
9.530412405729293823e-02
9.293921291828155518e-02
1.015970706939697266e-01
9.292203187942504883e-02
9.752105176448822021e-02
9.985272586345672607e-02
1.029399707913398743e-01
1.035732403397560120e-01
1.011962369084358215e-01
9.375873208045959473e-02
9.464095532894134521e-02
9.851796180009841919e-02
9.293657541275024414e-02
1.056719347834587097e-01
9.260267764329910278e-02
1.012954115867614746e-01
9.477998316287994385e-02
1.002342626452445984e-01
1.015359610319137573e-01
9.036695212125778198e-02
1.024825647473335266e-01
1.008741408586502075e-01
9.740888327360153198e-02
9.838227182626724243e-02
9.887740015983581543e-02
1.079468876123428345e-01
9.359242022037506104e-02
9.311953186988830566e-02
9.519200026988983154e-02
9.472101926803588867e-02
9.660369157791137695e-02
9.923383593559265137e-02
1.041455864906311035e-01
1.011226326227188110e-01
9.800235182046890259e-02
9.564664959907531738e-02
1.056431233882904053e-01
9.257970005273818970e-02
9.071937948465347290e-02
8.999611437320709229e-02
9.371393173933029175e-02
1.009964719414710999e-01
9.876088052988052368e-02
9.659174829721450806e-02
9.740614145994186401e-02
9.548947215080261230e-02
9.595382213592529297e-02
9.864147752523422241e-02
9.330980479717254639e-02
9.594139456748962402e-02
9.779565781354904175e-02
1.017865315079689026e-01
9.080573916435241699e-02
9.416151791810989380e-02
8.928672969341278076e-02
1.023066490888595581e-01
9.934942424297332764e-02
9.024102985858917236e-02
9.382446855306625366e-02
1.102446392178535461e-01
9.131041914224624634e-02
9.127076715230941772e-02
9.841372817754745483e-02
9.329741448163986206e-02
9.368307888507843018e-02
9.394357353448867798e-02
9.959512203931808472e-02
1.039702892303466797e-01
9.082913398742675781e-02
9.739752113819122314e-02
9.728399664163589478e-02
9.654578566551208496e-02
1.026140823960304260e-01
9.529246389865875244e-02
9.245229512453079224e-02
1.068255007266998291e-01
9.523364901542663574e-02
1.039160937070846558e-01
9.802737087011337280e-02
9.492044895887374878e-02
9.854203462600708008e-02
9.699466079473495483e-02
9.999843686819076538e-02
1.104502081871032715e-01
9.587111324071884155e-02
9.703720360994338989e-02
9.072752296924591064e-02
9.503074735403060913e-02
9.349958598613739014e-02
9.515275806188583374e-02
9.320624172687530518e-02
1.029551178216934204e-01
1.028136610984802246e-01
1.025659590959548950e-01
9.743065387010574341e-02
9.169762581586837769e-02
1.004925221204757690e-01
9.596672654151916504e-02
9.991493076086044312e-02
1.004003286361694336e-01
1.069945320487022400e-01
9.397855401039123535e-02
9.438320249319076538e-02
1.009820178151130676e-01
9.527662396430969238e-02
1.015803441405296326e-01
9.176535904407501221e-02
9.258309006690979004e-02
9.822024405002593994e-02
9.192668646574020386e-02
9.129023551940917969e-02
9.592735767364501953e-02
9.463374316692352295e-02
9.441000223159790039e-02
9.983995556831359863e-02
8.895100653171539307e-02
1.077753528952598572e-01
9.602238237857818604e-02
9.440803527832031250e-02
9.518208354711532593e-02
9.642758965492248535e-02
1.048195064067840576e-01
9.593251347541809082e-02
9.118174761533737183e-02
9.528747200965881348e-02
9.000132232904434204e-02
8.996921777725219727e-02
9.513717889785766602e-02
9.391824901103973389e-02
9.573110193014144897e-02
9.942559152841567993e-02
9.937053918838500977e-02
9.752690047025680542e-02
9.605878591537475586e-02
9.679854661226272583e-02
9.190265834331512451e-02
8.890073746442794800e-02
9.864722937345504761e-02
1.010208576917648315e-01
9.218327701091766357e-02
9.375632554292678833e-02
1.045154407620429993e-01
9.115332365036010742e-02
9.417831897735595703e-02
9.327315539121627808e-02
9.745148569345474243e-02
9.770857542753219604e-02
9.268396347761154175e-02
9.272869676351547241e-02
1.007854267954826355e-01
1.016950234770774841e-01
9.662488102912902832e-02
9.472206979990005493e-02
9.267555922269821167e-02
9.500974416732788086e-02
1.025672778487205505e-01
9.320271015167236328e-02
9.263750910758972168e-02
9.728328138589859009e-02
9.386527538299560547e-02
9.256292134523391724e-02
1.007421612739562988e-01
1.008137986063957214e-01
9.309581667184829712e-02
9.872391819953918457e-02
9.358806163072586060e-02
9.701278805732727051e-02
9.231080859899520874e-02
9.257489442825317383e-02
9.618788212537765503e-02
9.721678495407104492e-02
9.966530650854110718e-02
9.447683393955230713e-02
9.265331178903579712e-02
1.014546528458595276e-01
9.500939399003982544e-02
9.306378662586212158e-02
9.742513298988342285e-02
8.771777898073196411e-02
8.941387385129928589e-02
9.478324651718139648e-02
1.000108048319816589e-01
9.655518084764480591e-02
9.895309060811996460e-02
9.456880390644073486e-02
8.894035965204238892e-02
9.454079717397689819e-02
1.055159121751785278e-01
1.024744212627410889e-01
9.383353590965270996e-02
9.284012764692306519e-02
9.240471571683883667e-02
9.591665118932723999e-02
9.846108406782150269e-02
1.018857359886169434e-01
9.407904744148254395e-02
1.061868071556091309e-01
9.526477009057998657e-02
9.632950276136398315e-02
9.483075886964797974e-02
9.904173016548156738e-02
9.662520140409469604e-02
9.375086426734924316e-02
1.034915074706077576e-01
9.350614994764328003e-02
1.017201244831085205e-01
9.697983413934707642e-02
9.184256196022033691e-02
9.515802562236785889e-02
1.021436527371406555e-01
1.000069528818130493e-01
9.470856189727783203e-02
9.220924973487854004e-02
9.443973749876022339e-02
9.350503981113433838e-02
1.080142855644226074e-01
9.534528851509094238e-02
9.616269916296005249e-02
9.980898350477218628e-02
9.167908877134323120e-02
9.423935413360595703e-02
9.720526635646820068e-02
9.389200061559677124e-02
9.210066497325897217e-02
8.882094919681549072e-02
9.699080884456634521e-02
1.038827523589134216e-01
9.958695620298385620e-02
9.710600972175598145e-02
9.498929232358932495e-02
9.560266137123107910e-02
9.733213484287261963e-02
1.054936349391937256e-01
9.599730372428894043e-02
9.216770529747009277e-02
9.970524162054061890e-02
9.369233995676040649e-02
9.218578785657882690e-02
1.005497351288795471e-01
1.008831858634948730e-01
1.007025316357612610e-01
1.030649766325950623e-01
8.628635108470916748e-02
9.139916300773620605e-02
1.018330901861190796e-01
8.676382899284362793e-02
9.752956032752990723e-02
9.549254179000854492e-02
1.008576229214668274e-01
1.021257489919662476e-01
8.894130587577819824e-02
9.642764925956726074e-02
1.037689074873924255e-01
9.132196754217147827e-02
8.752878010272979736e-02
9.264248609542846680e-02
9.421570599079132080e-02
9.964726120233535767e-02
1.027096062898635864e-01
9.682108461856842041e-02
9.746989607810974121e-02
9.366680681705474854e-02
9.240178763866424561e-02
9.736581146717071533e-02
1.064876839518547058e-01
9.718030691146850586e-02
9.064338356256484985e-02
1.004353463649749756e-01
1.047502607107162476e-01
9.357735514640808105e-02
1.031192317605018616e-01
9.512828290462493896e-02
9.583679586648941040e-02
1.007132306694984436e-01
9.494160860776901245e-02
9.505193680524826050e-02
9.754973649978637695e-02
9.539128839969635010e-02
8.959590643644332886e-02
9.581343829631805420e-02
9.449242055416107178e-02
9.764230996370315552e-02
1.027413085103034973e-01
1.049645468592643738e-01
1.040411666035652161e-01
1.003908738493919373e-01
1.001870185136795044e-01
1.007664948701858521e-01
9.487008303403854370e-02
9.420385211706161499e-02
9.860176593065261841e-02
9.078462421894073486e-02
9.581672400236129761e-02
9.673777967691421509e-02
1.003918945789337158e-01
9.458175301551818848e-02
1.039170697331428528e-01
9.585312753915786743e-02
1.027504503726959229e-01
9.495297819375991821e-02
8.872131258249282837e-02
9.604303538799285889e-02
9.713561832904815674e-02
9.706631302833557129e-02
9.204871952533721924e-02
9.867797046899795532e-02
8.886772394180297852e-02
9.340076893568038940e-02
9.806276857852935791e-02
9.534239768981933594e-02
9.254753589630126953e-02
9.905533492565155029e-02
9.570495039224624634e-02
9.592923521995544434e-02
9.929963946342468262e-02
9.936827421188354492e-02
9.442989528179168701e-02
9.280018508434295654e-02
9.233053028583526611e-02
9.116410464048385620e-02
9.877303987741470337e-02
9.462264925241470337e-02
9.794830530881881714e-02
9.661647677421569824e-02
9.760484844446182251e-02
9.034595638513565063e-02
9.696875512599945068e-02
9.455263614654541016e-02
8.798609673976898193e-02
1.006001308560371399e-01
8.976136893033981323e-02
9.502287209033966064e-02
9.510497748851776123e-02
8.829009532928466797e-02
9.219328314065933228e-02
9.489937126636505127e-02
8.530846238136291504e-02
1.006414517760276794e-01
9.819802641868591309e-02
1.022853031754493713e-01
9.944467991590499878e-02
8.955475687980651855e-02
9.219966828823089600e-02
9.519431740045547485e-02
1.002832129597663879e-01
8.839455991983413696e-02
1.008962988853454590e-01
9.211502969264984131e-02
1.017197817564010620e-01
9.616278111934661865e-02
9.450002014636993408e-02
9.138349443674087524e-02
1.053299382328987122e-01
9.424645453691482544e-02
1.000315770506858826e-01
9.209980815649032593e-02
9.235330671072006226e-02
9.092288464307785034e-02
9.178463369607925415e-02
9.996407479047775269e-02
8.921388536691665649e-02
9.253174066543579102e-02
8.930780738592147827e-02
9.831022471189498901e-02
9.548879414796829224e-02
9.221877157688140869e-02
9.764587879180908203e-02
9.166752547025680542e-02
9.570087492465972900e-02
1.032840237021446228e-01
9.362895041704177856e-02
9.769646078348159790e-02
9.361655265092849731e-02
1.021639183163642883e-01
9.828697890043258667e-02
9.585327655076980591e-02
9.376751631498336792e-02
9.443397074937820435e-02
9.746645390987396240e-02
1.001113057136535645e-01
9.678625315427780151e-02
1.007409766316413879e-01
8.809427171945571899e-02
9.736721217632293701e-02
9.545618295669555664e-02
9.677872806787490845e-02
9.787014126777648926e-02
9.516468644142150879e-02
9.562847763299942017e-02
9.355237334966659546e-02
9.158872812986373901e-02
9.757815301418304443e-02
1.027830764651298523e-01
9.449924528598785400e-02
1.024114564061164856e-01
9.498293697834014893e-02
1.121756285429000854e-01
9.649582952260971069e-02
9.327169507741928101e-02
1.024447456002235413e-01
9.884558618068695068e-02
1.014730408787727356e-01
9.586703777313232422e-02
8.752496540546417236e-02
9.402401745319366455e-02
1.011876314878463745e-01
9.146473556756973267e-02
9.789531677961349487e-02
9.278664737939834595e-02
9.230092912912368774e-02
9.286871552467346191e-02
1.008327603340148926e-01
9.096231311559677124e-02
8.788419514894485474e-02
9.905071556568145752e-02
8.976411819458007812e-02
9.365773946046829224e-02
1.008875519037246704e-01
9.756650030612945557e-02
9.213769435882568359e-02
9.979921579360961914e-02
9.734532982110977173e-02
1.066412851214408875e-01
1.021286919713020325e-01
9.505807608366012573e-02
9.750014543533325195e-02
9.530548751354217529e-02
9.279966354370117188e-02
8.983229845762252808e-02
1.017186194658279419e-01
9.954139590263366699e-02
9.686759859323501587e-02
9.801249206066131592e-02
9.439287334680557251e-02
9.135726094245910645e-02
9.901863336563110352e-02
1.052843779325485229e-01
1.007626354694366455e-01
1.005723178386688232e-01
9.667722135782241821e-02
9.582790732383728027e-02
9.747040271759033203e-02
9.172027558088302612e-02
9.245251119136810303e-02
9.199624508619308472e-02
9.242530167102813721e-02
9.373998641967773438e-02
9.766115993261337280e-02
9.879172593355178833e-02
1.000880450010299683e-01
1.008692011237144470e-01
9.339307248592376709e-02
9.566059708595275879e-02
9.090432524681091309e-02
9.965094923973083496e-02
9.796078503131866455e-02
8.981103450059890747e-02
8.994423598051071167e-02
9.441919624805450439e-02
8.927347511053085327e-02
9.942173957824707031e-02
9.203235805034637451e-02
8.980999886989593506e-02
9.610998630523681641e-02
8.746635168790817261e-02
1.002605035901069641e-01
9.048592299222946167e-02
9.582789987325668335e-02
1.029643863439559937e-01
9.062261134386062622e-02
8.861020952463150024e-02
1.027021184563636780e-01
9.687080979347229004e-02
1.001275107264518738e-01
9.386859834194183350e-02
9.537720680236816406e-02
9.295695275068283081e-02
9.712255746126174927e-02
9.521290659904479980e-02
9.969887137413024902e-02
9.438527375459671021e-02
9.960613399744033813e-02
9.995167702436447144e-02
9.990908950567245483e-02
9.941769391298294067e-02
9.991306066513061523e-02
9.581565111875534058e-02
1.003330051898956299e-01
9.516320377588272095e-02
9.225311130285263062e-02
9.819947183132171631e-02
1.056315377354621887e-01
9.261391311883926392e-02
1.016046926379203796e-01
9.187681972980499268e-02
1.077834665775299072e-01
9.533483535051345825e-02
9.093292057514190674e-02
9.926623106002807617e-02
9.798423200845718384e-02
9.987856447696685791e-02
9.548017382621765137e-02
9.927154332399368286e-02
9.254729002714157104e-02
9.864912182092666626e-02
9.341085702180862427e-02
8.950719982385635376e-02
9.471269696950912476e-02
9.473645687103271484e-02
1.094819679856300354e-01
9.680368006229400635e-02
1.001429036259651184e-01
1.009903773665428162e-01
9.694340825080871582e-02
9.814419597387313843e-02
9.240598976612091064e-02
9.576237201690673828e-02
9.586096554994583130e-02
1.000071838498115540e-01
9.058484435081481934e-02
9.748148918151855469e-02
1.005883961915969849e-01
9.898775070905685425e-02
9.869676083326339722e-02
8.885804563760757446e-02
9.853846579790115356e-02
1.038660481572151184e-01
9.230993688106536865e-02
1.001029014587402344e-01
1.091930046677589417e-01
9.781685471534729004e-02
9.162760525941848755e-02
9.900777041912078857e-02
9.653105586767196655e-02
9.753835946321487427e-02
9.753602743148803711e-02
9.594183415174484253e-02
9.531964361667633057e-02
9.416166692972183228e-02
9.846998751163482666e-02
1.046864166855812073e-01
9.978342056274414062e-02
9.592427313327789307e-02
1.006629317998886108e-01
9.839173406362533569e-02
1.007468327879905701e-01
9.239491075277328491e-02
1.022200211882591248e-01
1.004248037934303284e-01
9.745539724826812744e-02
9.009619802236557007e-02
9.776284545660018921e-02
9.279588609933853149e-02
8.704362064599990845e-02
9.398080408573150635e-02
9.048825502395629883e-02
8.526661247014999390e-02
9.147456288337707520e-02
9.649749845266342163e-02
9.490737318992614746e-02
9.149482101202011108e-02
1.114338114857673645e-01
9.935384988784790039e-02
9.668225049972534180e-02
9.453175216913223267e-02
9.545356780290603638e-02
9.854452311992645264e-02
9.814678877592086792e-02
9.721015393733978271e-02
1.031445711851119995e-01
9.744241088628768921e-02
9.348340332508087158e-02
9.272636473178863525e-02
9.834450483322143555e-02
9.356088936328887939e-02
9.447358548641204834e-02
9.707392007112503052e-02
1.006326526403427124e-01
1.031444519758224487e-01
1.051617860794067383e-01
9.737540781497955322e-02
9.335935860872268677e-02
8.572398871183395386e-02
9.088908880949020386e-02
1.006223484873771667e-01
9.525506943464279175e-02
8.952599018812179565e-02
8.803038299083709717e-02
9.259382635354995728e-02
9.491200000047683716e-02
1.011941879987716675e-01
9.329681843519210815e-02
9.666264802217483521e-02
9.470392018556594849e-02
9.549713134765625000e-02
9.777167439460754395e-02
8.596552908420562744e-02
9.233745932579040527e-02
1.064619794487953186e-01
1.002256199717521667e-01
1.028370559215545654e-01
9.908924996852874756e-02
9.180784970521926880e-02
1.046106293797492981e-01
1.007542163133621216e-01
9.492789208889007568e-02
9.317294508218765259e-02
9.350239485502243042e-02
1.040252223610877991e-01
1.066963225603103638e-01
9.830269962549209595e-02
9.027320891618728638e-02
9.921669960021972656e-02
