1.121746227145195007e-01
7.836285978555679321e-02
6.130491942167282104e-02
5.623477324843406677e-02
5.215029045939445496e-02
7.505436986684799194e-02
6.656166911125183105e-02
3.394724428653717041e-02
1.161788627505302429e-01
5.017374455928802490e-02
1.031755879521369934e-01
7.515528798103332520e-02
8.042094111442565918e-02
8.932955563068389893e-02
1.327359527349472046e-01
9.305737912654876709e-02
1.310426294803619385e-01
4.458227753639221191e-02
1.007151082158088684e-01
6.677515059709548950e-02
6.787392497062683105e-02
1.117869094014167786e-01
1.039074137806892395e-01
9.048218280076980591e-02
9.959947317838668823e-02
9.566548466682434082e-02
6.406789273023605347e-02
6.204193457961082458e-02
1.020589694380760193e-01
7.531829923391342163e-02
1.168875098228454590e-01
8.518286794424057007e-02
8.802144974470138550e-02
9.648080915212631226e-02
8.988380432128906250e-02
1.084254458546638489e-01
7.847951352596282959e-02
1.381586492061614990e-01
8.787748962640762329e-02
1.248857900500297546e-01
1.569632589817047119e-01
1.242995411157608032e-01
1.306814253330230713e-01
1.652126461267471313e-01
1.368679702281951904e-01
7.032430917024612427e-02
7.384672015905380249e-02
6.698979437351226807e-02
1.316904723644256592e-01
1.527782678604125977e-01
1.056683808565139771e-01
1.012127324938774109e-01
1.122128292918205261e-01
1.104524582624435425e-01
1.204608753323554993e-01
1.107046008110046387e-01
1.236608102917671204e-01
9.118781983852386475e-02
1.091280728578567505e-01
1.035810485482215881e-01
1.195637211203575134e-01
1.221210733056068420e-01
