-2.238592207431793213e-01 -1.168701648712158203e-01 9.313792735338211060e-02 -1.887024044990539551e-01 7.137776911258697510e-02 -1.391829252243041992e-01 6.831370294094085693e-02 5.619023367762565613e-02 -1.092505976557731628e-01 -1.048013418912887573e-01 1.396327745169401169e-03 2.143324315547943115e-01 2.427234780043363571e-03 -1.014435216784477234e-01 2.345197349786758423e-01 1.960038989782333374e-01 -1.341034173965454102e-01 -2.717924304306507111e-02 -9.894113987684249878e-03 3.642646223306655884e-02 -5.282719433307647705e-02 3.733969852328300476e-02 -1.616841531358659267e-03 1.793943643569946289e-01 -2.399286329746246338e-01 1.000668928027153015e-01 5.365974083542823792e-02 -2.345251441001892090e-01 2.753017246723175049e-01 1.874298602342605591e-01 -1.594683341681957245e-02 -7.635480165481567383e-02
# New slice
5.141797661781311035e-02 -5.482498928904533386e-02 -1.032824292778968811e-01 4.878208786249160767e-02 -1.179884225130081177e-01 1.100396066904067993e-01 1.618806719779968262e-01 5.111433938145637512e-02 -8.769511431455612183e-02 -1.695295572280883789e-01 6.335694808512926102e-03 -2.082964405417442322e-02 -2.421565726399421692e-02 1.213931590318679810e-01 -9.486842900514602661e-02 -6.917158025316894054e-04 -7.278907299041748047e-02 4.085738584399223328e-02 2.880410104990005493e-02 -2.046227008104324341e-01 -1.200656220316886902e-01 9.217963367700576782e-02 -5.523230135440826416e-02 2.759014368057250977e-01 -7.483316119760274887e-03 2.933838665485382080e-01 1.712807863950729370e-01 -1.581949591636657715e-01 1.910417973995208740e-01 -7.558760792016983032e-02 1.326205134391784668e-01 -1.025126278400421143e-01
# New slice
-5.628902465105056763e-02 -3.573771938681602478e-02 -1.489359885454177856e-01 9.025269001722335815e-02 9.501137584447860718e-02 6.435998715460300446e-03 -1.931328028440475464e-01 3.231696784496307373e-02 4.878012463450431824e-02 2.528586052358150482e-02 -6.317864358425140381e-02 -4.323791339993476868e-02 -3.386536613106727600e-02 2.180663645267486572e-01 -1.241514608263969421e-01 -2.129227668046951294e-01 -2.137888818979263306e-01 -1.414905041456222534e-01 5.191405490040779114e-02 -6.979604810476303101e-02 -3.171040862798690796e-02 2.774851024150848389e-02 2.068889327347278595e-02 -2.048039808869361877e-03 -2.159768715500831604e-02 3.402917459607124329e-02 7.591862976551055908e-02 -1.374119892716407776e-02 1.557738780975341797e-01 2.176368376240134239e-03 1.887974739074707031e-01 -1.384505480527877808e-01
# New slice
4.421007260680198669e-02 1.282969713211059570e-01 -1.880876570940017700e-01 -2.820472121238708496e-01 4.606574401259422302e-02 -1.932312101125717163e-01 9.208508580923080444e-02 1.417981088161468506e-01 -1.573687046766281128e-01 1.380504816770553589e-01 -1.219357624650001526e-01 1.308264285326004028e-01 4.633740708231925964e-02 2.103327810764312744e-01 -4.946582764387130737e-02 -7.509531825780868530e-02 9.902497380971908569e-02 -4.156951233744621277e-02 2.102885022759437561e-02 -1.999740749597549438e-01 3.863185644149780273e-02 1.407485902309417725e-01 2.282025059685111046e-03 3.579075261950492859e-02 2.561812102794647217e-01 1.280127651989459991e-02 -3.607296943664550781e-02 3.448656201362609863e-02 -1.088089421391487122e-01 -4.501705989241600037e-02 -2.240059524774551392e-01 -1.196060106158256531e-01
# New slice
-1.994011981878429651e-04 3.697215020656585693e-02 1.849796064198017120e-02 -5.989787727594375610e-02 -7.528486661612987518e-03 -1.220679134130477905e-01 -1.158992126584053040e-01 1.447748392820358276e-01 -9.501703898422420025e-04 -2.538397312164306641e-01 1.570193767547607422e-01 1.426635235548019409e-01 -8.662439882755279541e-02 1.326497048139572144e-01 9.646248072385787964e-03 -8.673657663166522980e-03 -5.392961576581001282e-02 -4.070474207401275635e-02 -1.674521714448928833e-02 -2.645063698291778564e-01 1.310389339923858643e-01 -1.419361978769302368e-01 2.705547511577606201e-01 -2.724037766456604004e-01 4.359110444784164429e-02 1.912172324955463409e-02 1.272902823984622955e-02 -6.038396805524826050e-02 1.591868139803409576e-02 1.828085482120513916e-01 1.404775083065032959e-01 1.305983215570449829e-01
# New slice
1.774213276803493500e-02 -9.843570739030838013e-02 -2.452032715082168579e-01 1.615650802850723267e-01 1.806865781545639038e-01 -1.031882911920547485e-01 3.032338805496692657e-02 -1.069812551140785217e-01 1.503746509552001953e-01 -2.496998459100723267e-01 -1.591050252318382263e-02 8.386417478322982788e-02 3.291688114404678345e-02 -1.487054973840713501e-01 -7.327394187450408936e-02 2.189257293939590454e-01 2.577489009127020836e-03 2.618650197982788086e-01 -1.360018700361251831e-01 -5.688364617526531219e-04 1.538929045200347900e-01 -1.627926081418991089e-01 8.679319173097610474e-02 2.315944880247116089e-01 -8.450246602296829224e-02 -2.457025349140167236e-01 2.049029804766178131e-02 -3.178429976105690002e-02 4.303422570228576660e-02 -6.338480859994888306e-02 -1.324156224727630615e-01 -3.664031252264976501e-02
# New slice
-8.866433054208755493e-02 -3.487195447087287903e-02 -3.987697139382362366e-02 -3.945433720946311951e-02 -1.850366294384002686e-01 -1.267846673727035522e-01 1.785668730735778809e-01 1.326457709074020386e-01 3.153694793581962585e-02 -4.266603384166955948e-03 3.271146118640899658e-02 7.708323001861572266e-02 1.375240273773670197e-02 -2.136232852935791016e-01 -1.039822548627853394e-01 -1.380746364593505859e-01 7.305710017681121826e-02 1.323732286691665649e-01 1.851739436388015747e-01 2.658804059028625488e-01 1.511103212833404541e-01 -6.221429444849491119e-03 1.001405417919158936e-01 -7.431976497173309326e-02 -4.801843687891960144e-02 1.033691391348838806e-01 -2.028912454843521118e-01 4.825174808502197266e-02 -8.484090864658355713e-02 -1.062365695834159851e-01 1.949557214975357056e-01 -6.323569267988204956e-02
# New slice
2.799662202596664429e-02 8.614412695169448853e-02 -1.660342216491699219e-01 2.174787223339080811e-01 -2.234678417444229126e-01 -1.992337219417095184e-02 -1.136884465813636780e-01 1.496400982141494751e-01 -1.365082114934921265e-01 9.069404564797878265e-03 1.206977814435958862e-01 7.640998065471649170e-02 -5.814548931084573269e-04 1.927464753389358521e-01 -4.857276007533073425e-02 -2.697317600250244141e-01 -9.543468244373798370e-03 1.244937628507614136e-01 -1.539076119661331177e-02 1.471531111747026443e-02 5.571239441633224487e-02 2.271769493818283081e-01 2.514705955982208252e-01 6.943935155868530273e-02 5.829725414514541626e-02 -1.738490760326385498e-01 1.585479229688644409e-01 -1.844040900468826294e-01 -4.753205180168151855e-02 2.169972956180572510e-01 -6.497921049594879150e-02 -2.509979009628295898e-01
# New slice
1.029212102293968201e-01 9.208986302837729454e-04 5.432139709591865540e-02 -1.608728021383285522e-01 7.893430069088935852e-03 1.649115234613418579e-02 -2.647063694894313812e-03 9.028369933366775513e-02 -2.154209613800048828e-01 1.403408497571945190e-01 -1.177014261484146118e-01 1.684393733739852905e-01 -1.290000230073928833e-01 9.734818339347839355e-02 2.277386933565139771e-01 4.262756183743476868e-02 8.846501260995864868e-02 -3.803757205605506897e-02 9.142350405454635620e-02 6.566435098648071289e-02 2.128926813602447510e-01 -1.313487440347671509e-01 1.810899376869201660e-01 -1.362640410661697388e-01 1.205448284745216370e-01 4.798194020986557007e-02 4.879420995712280273e-02 4.163446370512247086e-03 -5.143480002880096436e-02 3.630973026156425476e-02 5.881360732018947601e-03 -1.742176711559295654e-01
# New slice
-1.065857410430908203e-01 -1.255382038652896881e-02 4.646343179047107697e-03 -5.907814949750900269e-03 -3.386772051453590393e-02 1.035562455654144287e-01 -3.142365720123052597e-03 1.240351423621177673e-01 -1.348952651023864746e-01 1.178522873669862747e-02 1.227865144610404968e-01 1.135035455226898193e-01 1.945946067571640015e-01 1.008390188217163086e-01 -1.452353503555059433e-02 -8.893702924251556396e-02 9.604948759078979492e-02 2.629698626697063446e-02 -1.118988692760467529e-01 1.944000571966171265e-01 -3.458698838949203491e-02 -2.239809483289718628e-01 1.968039274215698242e-01 1.847067028284072876e-01 -3.643065318465232849e-02 8.739785104990005493e-02 4.124770686030387878e-02 2.176882028579711914e-01 -1.471138298511505127e-01 4.666456580162048340e-02 -1.874250322580337524e-01 -1.271250247955322266e-01
# New slice
9.590940922498703003e-02 -1.383650898933410645e-01 -2.981992252171039581e-02 1.630575358867645264e-01 -2.044887393712997437e-01 1.998558193445205688e-01 5.849642679095268250e-02 -1.793864518404006958e-01 2.303088754415512085e-01 -1.947488039731979370e-01 -3.568343818187713623e-02 2.247168868780136108e-02 1.258517950773239136e-01 -6.485624611377716064e-02 -3.891710564494132996e-02 -6.588816642761230469e-02 -2.835348993539810181e-02 -2.071760147809982300e-01 1.265536844730377197e-01 8.361902832984924316e-02 -1.666807234287261963e-01 8.044245094060897827e-02 3.555651381611824036e-02 -2.835062742233276367e-01 2.796388864517211914e-01 -1.813595145940780640e-01 -1.471422165632247925e-01 8.815513551235198975e-02 2.545221149921417236e-01 -1.001326832920312881e-02 2.099068313837051392e-01 -1.670602895319461823e-02
# New slice
1.904676556587219238e-01 2.473963052034378052e-01 -8.862469345331192017e-02 -2.161742597818374634e-01 5.312751606106758118e-02 3.966561332345008850e-02 1.631673276424407959e-01 8.518414199352264404e-02 -1.452047079801559448e-01 2.396953664720058441e-02 -1.483738571405410767e-01 6.265565752983093262e-02 1.402344321832060814e-03 -2.819938398897647858e-02 -1.441085431724786758e-02 -2.613557316362857819e-02 6.146625801920890808e-02 1.284765601158142090e-01 1.542008481919765472e-02 -8.902762830257415771e-02 -1.234225332736968994e-01 2.911853790283203125e-01 7.623513042926788330e-02 1.088065654039382935e-01 1.243388429284095764e-01 2.174269706010818481e-01 -1.407526731491088867e-01 1.108918190002441406e-01 5.135011300444602966e-02 2.514342777431011200e-02 -6.514195352792739868e-02 2.144053429365158081e-01
# New slice
3.610756620764732361e-02 9.395298361778259277e-02 1.061575487256050110e-01 2.454094141721725464e-01 2.945414185523986816e-01 1.722393631935119629e-01 1.047115623950958252e-01 -1.389658451080322266e-01 -6.816317886114120483e-02 -2.326262928545475006e-02 -3.337174281477928162e-02 -4.889305308461189270e-02 1.093834489583969116e-01 -8.573035150766372681e-02 -6.596387922763824463e-02 1.217403411865234375e-01 1.518259495496749878e-01 -7.163083553314208984e-02 -3.293843567371368408e-02 -5.367723479866981506e-02 5.155011545866727829e-03 -1.604509949684143066e-01 1.035051885992288589e-02 1.337495632469654083e-02 2.774120569229125977e-01 -3.224489465355873108e-02 -1.611369252204895020e-01 1.614453941583633423e-01 -9.471080452203750610e-02 -6.694759428501129150e-02 1.392584741115570068e-01 4.971811920404434204e-02
# New slice
1.077615544199943542e-01 -3.562372922897338867e-02 2.247701287269592285e-01 -1.282617636024951935e-02 -1.635597050189971924e-01 2.054498046636581421e-01 4.632567986845970154e-02 -4.887229949235916138e-02 -1.966155171394348145e-01 -2.659892663359642029e-02 9.374310076236724854e-02 -1.985041350126266479e-01 -3.276400268077850342e-02 -1.205917224287986755e-01 -7.392498850822448730e-02 1.082845330238342285e-01 -2.046497464179992676e-01 -2.069447934627532959e-01 -2.116944827139377594e-02 -5.020296201109886169e-02 1.804005354642868042e-01 -8.701638132333755493e-02 -1.182871311902999878e-01 3.510783612728118896e-01 -2.851652912795543671e-02 -8.002615720033645630e-02 2.587586827576160431e-02 -2.176282703876495361e-01 -9.196447581052780151e-02 -2.185310423374176025e-02 -2.049994021654129028e-01 -4.770799353718757629e-02
# New slice
-1.819198578596115112e-01 2.198563888669013977e-02 -3.178346902132034302e-02 2.131292223930358887e-02 8.355052769184112549e-02 1.623620241880416870e-01 -6.488874554634094238e-02 1.456092894077301025e-01 -1.209487766027450562e-02 1.323256343603134155e-01 2.905172295868396759e-02 -1.569569557905197144e-01 -1.196785494685173035e-01 2.475183308124542236e-01 1.919464766979217529e-01 8.341564983129501343e-02 -1.053395494818687439e-01 -6.090683117508888245e-02 2.159037590026855469e-01 5.142898857593536377e-02 -1.585964113473892212e-01 -5.681578442454338074e-02 -1.832401193678379059e-02 9.852598421275615692e-03 1.614177078008651733e-01 2.165043503046035767e-01 -3.236904740333557129e-02 -8.949084579944610596e-02 -1.933281868696212769e-01 7.942930608987808228e-02 -3.759251162409782410e-02 -1.847504973411560059e-01
# New slice
-3.654057160019874573e-03 2.979447320103645325e-02 6.132256239652633667e-02 -1.318042427301406860e-01 -2.946265041828155518e-02 6.790950428694486618e-03 1.655046492815017700e-01 -3.046236932277679443e-01 -6.623128894716501236e-03 -3.636297956109046936e-02 2.736827917397022247e-02 -6.423997879028320312e-02 1.889608427882194519e-02 -1.278314441442489624e-01 5.979096051305532455e-03 4.083279054611921310e-03 7.841785997152328491e-02 6.932665407657623291e-02 1.416536141186952591e-02 7.103062421083450317e-02 -1.210345849394798279e-01 6.072207912802696228e-02 6.295175850391387939e-02 -1.205902397632598877e-01 2.372526079416275024e-01 6.775802373886108398e-02 -1.077073812484741211e-01 2.042023390531539917e-01 -3.070727922022342682e-02 2.085336744785308838e-01 9.199158288538455963e-03 1.545324921607971191e-01
# New slice
3.078325092792510986e-01 -1.039577089250087738e-02 3.213497102260589600e-01 1.048990786075592041e-01 1.466653347015380859e-01 1.744437962770462036e-01 -1.517493873834609985e-01 1.675975173711776733e-01 8.506189100444316864e-03 1.828280836343765259e-01 -1.309890300035476685e-01 4.181317239999771118e-02 1.646305471658706665e-01 1.224261447787284851e-01 -2.425231970846652985e-02 3.063722513616085052e-02 -6.910673528909683228e-02 -7.993452996015548706e-02 -1.480579674243927002e-01 1.430533975362777710e-01 -3.259850293397903442e-02 -1.633065789937973022e-01 6.701251026242971420e-03 -4.348865151405334473e-02 7.390163093805313110e-02 2.352995127439498901e-01 6.539199501276016235e-02 3.553117811679840088e-02 -6.629487872123718262e-02 1.280697584152221680e-01 1.675686985254287720e-01 1.213433966040611267e-01
# New slice
2.424575202167034149e-02 -9.312108904123306274e-02 3.093541264533996582e-01 5.302098765969276428e-02 5.083985999226570129e-02 -1.550786346197128296e-01 -3.059110837057232857e-03 -8.550280705094337463e-03 1.495517492294311523e-01 2.300055921077728271e-01 -1.705116182565689087e-01 7.390754669904708862e-02 1.747361421585083008e-01 4.485198482871055603e-02 4.667413979768753052e-02 -1.618405058979988098e-02 2.791825123131275177e-02 1.976632475852966309e-01 3.107265010476112366e-02 1.239209920167922974e-01 2.666274644434452057e-02 -7.190497964620590210e-02 -6.306793540716171265e-02 -1.607067734003067017e-01 3.753445809707045555e-03 -1.888801753520965576e-01 -7.068600505590438843e-02 -1.351104676723480225e-01 3.497112169861793518e-02 -2.061779797077178955e-02 7.463953644037246704e-02 -1.064823791384696960e-01
# New slice
1.453406177461147308e-02 -1.479154378175735474e-01 1.202225387096405029e-01 5.028114095330238342e-02 -9.908965229988098145e-02 1.280514448881149292e-01 1.377325803041458130e-01 -1.535044014453887939e-01 1.027081534266471863e-02 1.757464855909347534e-01 1.082441136240959167e-01 2.918504644185304642e-03 6.753474473953247070e-02 -2.390808910131454468e-01 6.427603960037231445e-02 -8.647353202104568481e-02 -1.035036668181419373e-01 -2.254912704229354858e-01 -1.165144741535186768e-01 -1.433184146881103516e-01 -1.245065182447433472e-01 1.102773994207382202e-01 -4.708961397409439087e-02 -1.976065896451473236e-02 -6.433162093162536621e-02 -3.413765504956245422e-02 -3.859233809635043144e-03 -1.106690731830894947e-03 -2.224242314696311951e-02 3.344332426786422729e-02 1.561188604682683945e-02 -1.125202998518943787e-01
# New slice
-1.641807407140731812e-01 -1.825808286666870117e-01 8.011528849601745605e-02 1.976102963089942932e-02 -5.348245054483413696e-02 6.522390246391296387e-02 2.489063888788223267e-01 -3.363153338432312012e-02 1.792746335268020630e-01 -6.787069886922836304e-02 -1.072599291801452637e-01 -7.989148795604705811e-02 5.058884620666503906e-03 -2.056232839822769165e-01 -1.191851124167442322e-01 -3.268691897392272949e-02 -1.041518077254295349e-01 1.151549816131591797e-02 2.691964246332645416e-02 2.036526650190353394e-01 6.701975315809249878e-02 -1.418861597776412964e-01 -2.082070894539356232e-02 3.209218848496675491e-03 -1.019869372248649597e-01 2.078073769807815552e-01 -1.510942280292510986e-01 -7.495405524969100952e-02 -9.742844849824905396e-02 -1.937033981084823608e-01 8.180526643991470337e-02 -1.247357651591300964e-01
# New slice
2.632056474685668945e-01 1.174334064126014709e-01 1.471182405948638916e-01 7.067978382110595703e-02 -3.895362094044685364e-02 3.154465556144714355e-02 7.748324424028396606e-02 -5.607245117425918579e-02 1.399704962968826294e-01 6.412648130208253860e-03 4.941904917359352112e-03 1.577328145503997803e-01 -1.312086582183837891e-01 -6.372053921222686768e-02 -4.915435984730720520e-02 1.669455468654632568e-01 1.096890568733215332e-01 1.876633763313293457e-01 -1.147001516073942184e-02 -1.781211816705763340e-03 6.940943747758865356e-02 7.998480647802352905e-02 6.587837636470794678e-02 5.000298470258712769e-02 -6.785087287425994873e-02 -1.097244322299957275e-01 -1.463505625724792480e-01 1.580432802438735962e-01 2.478792332112789154e-02 9.341955929994583130e-02 -3.289993107318878174e-02 -2.527814209461212158e-01
# New slice
-6.723297387361526489e-02 7.897657901048660278e-02 -9.277568012475967407e-02 -1.009698957204818726e-01 -5.549596995115280151e-02 7.359189540147781372e-02 -7.246042136102914810e-03 -7.847703061997890472e-03 -1.467696279287338257e-01 2.788040973246097565e-02 3.318945690989494324e-02 1.783778518438339233e-01 -2.462752312421798706e-01 -1.487389206886291504e-01 7.648118585348129272e-02 1.230602860450744629e-01 -7.027065008878707886e-02 -7.622403651475906372e-02 -2.473316788673400879e-01 -1.391731202602386475e-02 -3.520274907350540161e-02 -1.954658925533294678e-01 3.758561611175537109e-02 -4.198983311653137207e-02 -1.714918315410614014e-01 -1.822043955326080322e-01 1.081873290240764618e-02 -1.131874993443489075e-01 -9.344159066677093506e-02 -7.679457962512969971e-02 -9.343294426798820496e-03 -1.289429217576980591e-01
# New slice
8.822064846754074097e-02 2.098121494054794312e-01 -1.035106927156448364e-01 1.088005378842353821e-01 1.165248006582260132e-01 -1.153986155986785889e-01 -2.149251252412796021e-01 -1.953946426510810852e-02 -5.451013147830963135e-02 1.065426394343376160e-01 5.396690964698791504e-02 -2.170258909463882446e-01 1.808625459671020508e-02 -2.643246902152895927e-03 7.117559760808944702e-02 1.365038286894559860e-02 5.202608555555343628e-02 -3.726453334093093872e-02 -1.996227949857711792e-01 -1.452417224645614624e-01 -1.111511141061782837e-03 -5.055851861834526062e-02 -1.925585716962814331e-01 2.139934897422790527e-02 -3.084805905818939209e-01 -2.104498445987701416e-01 -3.669474646449089050e-02 2.967786230146884918e-02 -5.178365483880043030e-02 -1.702014505863189697e-01 2.021016627550125122e-01 7.093670219182968140e-02
# New slice
-6.842534244060516357e-02 1.622899435460567474e-03 -1.621345430612564087e-01 -5.041570588946342468e-02 1.208779867738485336e-02 -1.281732227653264999e-02 1.784711182117462158e-01 4.069039225578308105e-02 -9.633916430175304413e-03 6.925199180841445923e-02 -1.233757808804512024e-01 -2.290883958339691162e-01 -5.631711799651384354e-03 1.827073693275451660e-01 7.509073615074157715e-02 -2.303025498986244202e-02 -1.121899709105491638e-01 -6.236130371689796448e-02 -2.119351364672183990e-02 -1.059655025601387024e-01 1.936636418104171753e-01 6.563052535057067871e-02 -1.032150536775588989e-01 -1.049998030066490173e-01 -1.844779103994369507e-01 -7.477054372429847717e-03 1.241280436515808105e-01 1.200040280818939209e-01 -8.861715346574783325e-02 -1.518217027187347412e-01 1.427426338195800781e-01 3.805345296859741211e-02
# New slice
-7.573578506708145142e-02 1.733250021934509277e-01 5.127097293734550476e-02 -1.512580215930938721e-01 2.338133752346038818e-01 -2.159125357866287231e-01 1.647823303937911987e-01 5.982443690299987793e-02 2.832599356770515442e-02 1.049893647432327271e-01 7.308409363031387329e-02 -2.396840602159500122e-01 5.589231383055448532e-03 1.387542486190795898e-01 -1.360781639814376831e-01 -9.560771286487579346e-02 -1.469745039939880371e-01 6.258385628461837769e-02 -8.820914477109909058e-02 2.414600849151611328e-01 -1.341652125120162964e-01 -5.045907944440841675e-02 -1.541537344455718994e-01 -1.959395967423915863e-02 -7.274334132671356201e-02 8.015697449445724487e-02 2.118520140647888184e-01 -1.040161773562431335e-01 -1.919057406485080719e-02 -1.589987874031066895e-01 8.261789381504058838e-02 -6.563913077116012573e-02
# New slice
